info{
bg:0
}

tiles {
12,4,5,11,0,0,0,0,0,0,0,0
0,15,5,5,5,5,5,5,19,5,7,0
0,5,3,5,5,10,9,5,5,9,5,0
0,5,1,5,5,18,18,5,11,5,18,0
0,5,5,5,8,5,5,7,5,5,5,0
0,5,10,19,5,11,11,5,19,9,5,0
0,5,7,19,5,11,11,5,19,8,5,0
0,5,5,5,9,5,5,10,5,5,5,0
0,18,5,11,5,18,18,5,5,2,5,0
0,5,7,5,5,7,8,5,5,6,5,0
0,9,5,19,5,5,5,5,5,5,17,0
0,0,0,0,0,0,0,0,11,5,4,13
}

collision {
(320,32),(320,40),(344,40),(344,64),(352,64),(352,320),(320,352),(336,368),(320,384),(384,384),(384,0),(128,0),(128,32),(320,32)
(288,96),(320,96),(320,88),(296,88),(296,64),(288,64),(288,96)
(264,120),(280,120),(280,104),(264,104),(264,120)
(288,224),(296,224),(296,200),(320,200),(320,184),(296,184),(296,160),(288,160),(288,224)
(288,320),(296,320),(296,288),(320,288),(320,280),(288,280),(288,320)
(248,248),(224,248),(224,256),(256,256),(256,224),(248,224),(248,248)
(160,296),(184,296),(184,320),(200,320),(200,296),(224,296),(224,288),(160,288),(160,296)
(64,296),(88,296),(88,320),(96,320),(96,288),(64,288),(64,296)
(104,280),(120,280),(120,264),(104,264),(104,280)
(264,376),(280,376),(280,360),(264,360),(264,376)
(184,88),(160,88),(160,96),(224,96),(224,88),(200,88),(200,64),(184,64),(184,88)
(128,160),(136,160),(136,136),(160,136),(160,128),(128,128),(128,160)
(224,136),(248,136),(248,160),(256,160),(256,128),(224,128),(224,136)
(168,184),(184,184),(184,168),(168,168),(168,184)
(200,184),(216,184),(216,168),(200,168),(200,184)
(200,216),(216,216),(216,200),(200,200),(200,216)
(168,216),(184,216),(184,200),(168,200),(168,216)
(128,256),(160,256),(160,248),(136,248),(136,224),(128,224),(128,256)
(88,184),(64,184),(64,200),(88,200),(88,224),(96,224),(96,160),(88,160),(88,184)
(64,104),(96,104),(96,64),(88,64),(88,96),(64,96),(64,104)
(0,384),(0,0),(64,0),(48,16),(64,32),(32,64),(32,320),(40,320),(40,344),(64,344),(64,352),(256,352),(256,384),(0,384)
(320,384),(256,384),(320,384)
(64,0),(128,0),(64,0)
}

buyzones {
(0,256,32,352,128)
(1,32,256,128,352)
}

spawns {
(1,64,320);(0,320,64)
}

waypoints {
(176,336);(48,208);(336,176);(208,48);(320,312);(272,264);(272,168);(112,112);(64,72);(192,128);(192,256);(112,224)
}

guns {
(23,80,16);(16,304,368);(11,320,64);(12,64,320);(17,312,304);(18,72,80);(25,304,176);(26,304,208);(26,80,176);(25,80,208);(27,120,32);(27,264,352)
}
