info {
bg:15
}

tiles {
14,15,15,15,33,34,35,36,15,15,15,15
15,25,22,22,22,22,22,22,22,22,22,15
15,23,2,0,2,2,3,2,0,3,2,15
14,23,18,30,3,2,8,9,26,21,30,15
15,23,31,32,2,3,10,11,23,31,32,14
15,23,1,2,16,30,27,22,24,2,1,15
15,23,3,3,31,32,19,30,3,0,0,15
15,23,4,5,3,0,31,32,3,3,2,15
15,23,6,7,3,2,2,2,17,30,1,14
14,23,20,30,0,2,0,2,31,32,2,15
15,23,31,32,3,12,13,30,2,0,1,15
15,15,15,15,15,15,15,15,15,15,15,14
}

collision {
(32,352),(160,352),(160,320),(224,320),(224,352),(352,352),(352,32),(32,32),(32,352)
(64,320),(96,320),(96,288),(64,288),(64,320)
(192,224),(224,224),(224,192),(224,192),(192,192),(192,224)
(256,288),(288,288),(288,256),(256,256),(256,288)
(288,128),(320,128),(320,96),(288,96),(288,128)
(192,160),(256,160),(256,96),(192,96),(192,160)
(128,192),(160,192),(160,160),(128,160),(128,192)
(64,128),(96,128),(96,96),(64,96),(64,128)
}

collisionPeople {
(90,241),(91,240),(90,241)
(103,242),(100,247),(103,242)
(100,256),(97,256),(100,256)
(85,267),(82,267),(85,267)
}

buyzones {
(0,363,69,382,54)
(1,384,96,365,111)
}

spawns {
(0,57,74);(0,97,52);(1,329,284);(1,276,313)
}

waypoints {
(317,218);(226,274);(61,172);(154,113);(144,259);(243,57);(283,152)
}

guns {
(16,275,341);(16,335,310);(23,276,309);(23,327,283);(23,56,71);(23,95,49);(16,82,87);(16,52,45);(4,115,183);(25,186,219);(27,232,219)
}
