tiles {
23,23,23,23,23,23,23,23,23,23,23,23,23,23,23,23,23,23,23,23,23,23,23,23,23
23,41,97,98,99,38,27,65,62,62,62,62,62,62,62,62,62,36,102,103,38,38,28,63,23
23,40,107,108,109,38,27,63,3,3,3,3,3,3,3,3,3,36,112,113,38,38,28,63,23
23,39,38,38,38,38,27,63,4,4,4,26,70,0,0,0,0,36,117,118,38,38,28,63,23
23,38,38,38,38,38,27,63,4,4,4,71,72,0,0,0,28,36,36,36,52,36,28,88,23
23,27,52,27,27,27,27,63,4,4,4,29,70,0,4,0,85,61,61,61,66,33,73,72,23
23,61,77,76,62,62,62,64,4,4,4,31,69,4,0,0,0,4,4,37,30,73,72,4,23
23,61,63,4,4,4,4,42,70,4,4,71,72,4,4,35,37,25,70,30,73,72,4,4,23
23,61,63,4,4,4,4,28,69,12,70,4,4,4,0,26,73,68,72,34,69,0,4,4,23
23,61,63,4,4,35,33,28,69,71,72,4,4,0,0,42,69,0,0,71,72,0,28,4,23
23,61,17,8,66,71,68,68,72,4,7,8,77,0,0,71,72,0,28,30,47,28,28,4,23
23,61,19,10,63,4,4,4,4,4,9,10,63,0,37,70,0,0,28,41,48,49,28,4,23
23,61,65,62,64,4,4,4,4,4,67,62,64,4,32,69,0,0,6,38,50,51,28,4,23
23,61,63,1,2,2,2,2,2,2,2,2,2,1,71,72,0,0,28,38,53,54,28,4,23
23,23,23,23,23,23,23,23,43,44,45,46,90,91,92,93,23,23,23,23,23,23,23,23,23
}

collision {
(192,32),(192,160),(96,160),(96,192),(224,192),(224,32),(192,32)
(0,0),(0,480),(800,480),(800,0),(0,0)
(32,448),(768,448),(768,32),(32,32),(32,448)
(512,320),(512,256),(576,256),(576,224),(480,224),(480,320),(512,320)
(448,416),(480,416),(480,352),(448,352),(448,416)
(320,320),(320,384),(384,384),(384,320),(320,320)
(384,224),(384,160),(352,160),(352,224),(384,224)
(224,224),(224,288),(160,288),(160,320),(256,320),(256,224),(224,224)
(32,160),(32,192),(64,192),(64,160),(32,160)
(576,64),(576,128),(640,128),(640,160),(544,160),(544,128),(544,64),(576,64)
(704,160),(704,128),(672,128),(672,160),(704,160)
(704,288),(736,288),(736,448),(704,448),(704,288)
(704,352),(704,320),(672,320),(672,352),(704,352)
(608,352),(608,384),(576,384),(576,320),(640,320),(640,352),(608,352)
(608,448),(608,416),(576,416),(576,448),(608,448)
(704,160),(704,192),(672,192),(672,160),(704,160)
(672,192),(672,192)
(672,192),(608,192),(672,192)
(608,192),(608,288),(640,288),(640,224),(672,224),(672,192),(608,192)
(544,32),(544,64),(576,64),(576,32),(544,32)
(64,384),(128,384),(128,320),(64,320),(64,384)
(704,160),(736,160),(736,32),(704,32),(704,160)
(512,160),(544,160),(544,128),(512,128),(512,160)
(352,128),(384,128),(384,96),(352,96),(352,128)
(288,288),(320,288),(320,256),(288,256),(288,288)
}

collisionPeople {
(672,157),(668,147),(674,143),(672,157)
(640,336),(645,333),(640,325),(640,336)
(55,31),(54,39),(50,40),(43,37),(40,35),(55,31)
(39,90),(51,92),(45,96),(48,91),(53,86),(41,84),(39,90)
(35,115),(36,120),(42,118),(42,114),(42,109),(40,106),(36,107),(35,115)
(123,28),(120,37),(101,36),(99,27),(123,28)
(572,90),(582,85),(582,72),(572,67),(572,90)
(705,412),(697,409),(696,393),(706,386),(705,412)
(95,179),(93,184),(92,175),(95,179)
}

buyzones {
(1,576,32,736,160)
(1,32,32,192,192)
(0,736,448,768,32)
(0,704,160,736,288)
(0,672,192,704,320)
(0,640,224,672,320)
(0,608,320,704,448)
}

spawns {
(1,672,96);(0,640,416);(0,752,304);(1,128,128)
}

waypoints {
(656,144);(624,176);(544,192);(592,240);(720,240);(672,288);(656,320);(592,400);(576,288);(524,389);(417,339);(448,176);(412,67);(288,128);(304,224);(410,266);(297,334);(79,110);(81,209);(144,256);(66,280);(55,422);(201,386);(295,426)
}

guns {
(4,672,96);(8,640,416);(8,752,304);(14,240,336);(14,208,336);(14,176,336);(25,640,432);(25,624,384);(25,640,368);(26,656,384);(26,640,384);(26,752,256);(7,752,224);(7,672,112);(7,160,128);(5,624,96);(5,616,90);(5,400,160);(13,560,304);(13,672,272);(18,496,368);(18,496,432);(24,752,336);(24,128,128);(24,528,272);(25,96,64);(25,144,48);(25,640,80);(26,640,112);(26,160,96);(25,752,368);(8,272,80);(8,352,80);(5,528,80);(5,320,80);(4,496,80);(4,448,80)
}
