tiles {
9,9,9,9,9,9,9,3,0,0,0,0
9,0,0,0,8,9,3,0,0,0,0,0
9,0,0,10,5,3,0,0,0,0,0,0
9,0,0,0,0,0,0,0,0,0,0,0
9,6,0,0,0,0,0,0,0,0,0,0
9,0,11,0,5,2,0,0,0,0,0,0
9,6,0,0,5,9,0,0,0,0,0,0
9,2,0,0,0,9,2,4,0,0,0,0
9,1,2,0,0,9,9,9,9,9,0,0
9,0,1,10,0,9,0,1,9,9,0,0
9,0,0,0,0,9,0,0,0,0,0,0
9,9,9,9,9,9,0,0,0,0,0,0
}

collision {
(0,384),(384,384),(384,0),(0,0),(0,384)
(0,384),(192,384),(192,288),(224,288),(256,320),(320,320),(320,256),(256,256),(256,224),(224,256),(192,224),(192,192),(160,160),(160,352),(32,352),(32,256),(96,320),(96,288),(32,224),(32,32),(160,32),(160,96),(256,0),(0,0),(0,384)
(99,311),(107,318),(107,303),(105,298),(101,289),(99,311)
(79,192),(89,188),(93,182),(83,181),(73,183),(66,183),(65,189),(79,192)
(115,127),(125,124),(127,117),(110,115),(110,121),(105,119),(95,125),(115,127)
(107,72),(107,85),(104,96),(103,90),(97,81),(102,64),(107,72)
}

collisionPeople {
(159,202),(150,218),(145,200),(159,202)
(156,171),(155,187),(144,167),(156,171)
(41,220),(43,200),(31,209),(41,220)
(51,135),(49,150),(44,139),(36,132),(51,135)
(156,75),(153,88),(146,72),(156,75)
(152,34),(149,49),(136,38),(152,34)
}

spawns {
(1,60,322);(0,249,354);(1,71,83);(0,362,26);(2,256,352);(2,360,32);(2,80,80);(2,64,320)
}

waypoints {
(105,333);(140,294);(101,149);(174,134);(272,140);(332,103);(338,47);(324,360);(363,307);(327,220);(103,226);(147,125);(223,103);(48,51);(71,129);(44,301)
}

guns {
(5,143,212);(5,147,219);(4,145,87);(3,141,50);(26,48,207);(27,37,142);(27,41,147);(25,142,174);(25,144,179);(11,248,355);(23,364,27);(20,41,276);(26,105,111);(15,47,288);(13,47,318);(24,47,40);(10,223,241);(11,213,329);(11,216,336);(11,220,343);(5,340,18);(25,321,21);(26,308,20);(27,312,30);(13,211,368);(13,219,375);(12,369,61);(2,210,295);(2,214,301);(2,215,309)
}
