info {
bg:75
}

tiles {
27,27,27,27,27,27,6,7,79,27,27,27,27,27,92,93,94,27,22,22,22,22,22,22,79,95,96,97,27,27,27,27,1,0,1,0,0,1,79,27
27,27,27,27,27,27,8,9,77,27,27,27,27,19,19,19,19,19,19,19,19,19,19,19,19,19,19,19,19,79,27,27,80,76,76,76,76,76,78,27
27,27,27,27,27,27,80,20,20,20,20,20,20,20,20,20,20,20,20,20,20,20,20,20,20,20,20,20,20,20,20,20,20,20,20,20,20,22,79,27
27,27,27,2,3,0,83,19,12,13,13,13,13,13,14,13,14,10,10,10,10,10,10,10,10,10,2,3,12,13,13,12,13,13,13,13,14,22,77,27
27,27,27,4,5,90,85,19,18,16,16,10,10,16,17,10,10,10,10,10,10,10,10,10,10,10,4,5,11,10,10,10,10,10,10,10,15,22,77,27
27,27,27,80,76,78,0,20,22,11,10,10,10,10,10,10,10,10,10,10,10,10,10,10,10,10,10,10,10,10,10,18,16,16,16,16,17,22,77,27
27,27,27,27,27,27,84,81,81,10,15,10,10,10,10,10,15,10,10,10,18,17,10,10,10,10,10,10,10,10,10,10,10,10,10,10,15,22,77,27
27,27,27,27,27,27,0,79,20,18,17,16,17,10,10,18,17,10,10,12,13,13,14,10,10,10,10,10,11,10,10,10,10,10,10,10,15,22,77,27
27,27,27,27,27,27,88,0,20,10,10,10,10,10,10,10,10,10,10,10,10,10,10,10,10,10,10,10,18,16,16,16,10,16,18,10,17,22,75,79
27,27,27,27,27,27,27,88,19,22,22,22,22,22,10,10,10,10,10,10,10,10,10,10,10,10,0,10,22,21,21,21,10,21,21,10,21,22,22,77
27,27,27,27,27,27,27,27,88,76,76,76,76,22,1,1,0,0,10,16,10,10,16,10,1,0,0,10,21,0,7,0,10,10,1,10,10,10,22,77
27,27,27,27,27,27,27,27,27,27,27,27,27,19,22,22,1,0,10,10,10,10,10,10,0,1,22,22,21,8,9,10,10,10,10,10,10,10,22,77
27,27,27,0,83,27,27,27,27,0,83,27,27,19,22,22,22,22,0,16,10,10,16,22,22,22,22,19,19,0,1,10,10,10,10,10,10,0,22,77
27,27,27,84,85,27,27,27,27,84,85,27,27,88,76,76,76,0,0,91,76,76,76,76,76,76,76,76,19,0,10,10,10,10,1,10,10,10,22,77
27,27,27,27,27,27,27,27,27,27,27,27,0,83,27,27,27,80,0,82,27,27,27,27,27,27,1,3,19,19,20,21,22,22,20,20,10,10,22,77
27,27,27,27,27,0,0,83,0,79,0,83,84,85,27,27,27,27,84,85,27,27,27,27,27,27,4,0,75,91,76,76,76,76,76,76,76,76,76,78
27,27,27,27,27,1,0,82,88,1,86,85,27,27,27,27,27,27,27,27,27,27,27,27,27,27,80,1,1,82,27,27,27,27,27,27,27,27,27,27
27,27,27,27,27,84,81,85,1,0,82,27,27,27,2,3,79,27,27,27,27,27,27,27,27,27,27,84,81,85,27,27,27,27,27,27,27,27,27,27
27,27,27,27,27,1,1,83,84,81,85,27,27,27,4,5,0,79,27,0,83,1,83,27,27,27,27,27,27,27,1,1,1,83,27,27,27,27,27,27
27,27,27,27,27,84,81,85,27,27,27,27,27,27,80,76,76,78,27,84,85,84,85,27,2,3,79,27,27,27,0,86,1,82,27,27,27,27,27,27
27,27,27,27,27,27,27,27,0,1,0,83,27,27,27,27,27,27,27,27,27,27,27,0,4,5,77,27,1,7,90,85,84,85,27,27,27,27,27,27
27,27,27,27,27,27,27,27,80,1,86,85,27,27,27,27,27,27,27,6,7,1,83,84,87,76,78,27,1,9,77,27,27,27,0,79,6,7,27,27
27,27,27,27,27,27,27,27,27,84,85,27,27,27,27,27,27,27,0,8,9,90,85,27,27,27,27,27,80,76,78,27,27,27,1,1,8,9,1,79
27,27,27,27,27,27,27,27,27,27,27,27,27,27,58,59,60,27,84,87,76,78,27,27,27,27,27,27,27,27,27,27,27,27,84,81,87,76,76,78
27,27,27,27,27,27,1,1,83,27,27,27,27,27,61,62,63,27,27,27,27,27,43,44,45,46,47,27,27,27,27,27,27,27,27,27,27,27,27,27
27,27,27,27,27,27,1,86,85,27,27,27,27,27,64,65,66,27,27,27,27,27,48,49,50,51,52,27,27,27,27,27,1,83,0,83,27,27,27,27
27,27,27,27,27,27,84,85,27,27,27,27,27,27,67,68,69,27,27,27,27,27,53,54,55,56,57,27,27,27,27,1,0,82,84,85,27,27,27,27
27,27,27,27,27,27,27,27,27,27,27,27,27,27,70,71,72,27,27,27,27,27,27,27,27,27,27,27,27,27,27,84,81,85,27,27,27,27,27,27
27,27,27,27,27,27,27,28,29,30,31,32,27,27,27,73,74,27,27,27,27,27,27,27,27,27,27,27,27,27,27,27,27,27,27,27,27,27,27,27
27,27,27,27,27,27,27,33,34,35,36,37,27,27,27,27,27,27,27,27,27,1,1,83,0,83,27,27,27,27,27,27,28,29,30,31,32,27,27,27
27,27,27,27,27,27,27,38,39,40,41,42,27,27,27,27,27,27,0,79,27,84,81,85,84,85,27,27,27,27,27,27,33,34,35,36,37,27,27,27
27,27,27,27,27,27,27,27,27,27,27,27,27,27,27,27,0,1,1,19,19,26,26,20,20,25,19,19,79,27,27,27,38,39,40,41,42,27,27,27
27,27,27,27,27,1,0,0,1,83,27,27,27,27,27,27,1,0,19,19,23,23,23,26,23,24,26,19,75,79,27,27,27,27,27,27,27,27,27,27
27,27,27,27,27,84,0,1,86,85,27,27,27,27,27,27,88,0,19,25,25,26,25,23,12,13,14,19,19,75,79,27,27,27,0,0,79,27,27,27
27,27,27,27,27,27,84,81,85,27,27,27,27,27,27,27,27,1,19,23,22,25,26,25,18,10,14,13,19,75,77,0,0,1,6,7,77,27,27,27
27,27,27,27,27,27,27,27,27,27,0,79,27,27,27,27,27,0,25,25,19,23,24,25,10,10,10,10,10,75,77,84,87,1,8,9,77,27,27,27
1,1,1,79,27,27,27,27,27,27,1,0,1,83,27,0,1,1,0,75,22,22,22,22,22,22,22,22,22,75,77,27,27,88,76,76,78,27,27,27
92,93,94,1,79,27,27,27,27,27,6,7,90,85,27,0,1,86,1,75,91,75,75,75,75,75,75,75,75,75,77,27,27,27,27,27,27,27,27,27
95,96,97,0,1,0,0,0,83,27,8,9,77,27,27,84,81,85,84,81,85,80,76,76,76,76,76,76,76,76,78,27,27,27,27,27,27,27,27,27
84,81,81,81,81,81,81,81,85,27,88,76,78,27,27,27,27,27,27,27,27,27,27,27,27,27,27,27,27,27,27,27,27,27,27,27,27,27,27,27
}

collision {
(1216,64),(1216,384),(1184,384),(1184,416),(1216,416),(1216,480),(1248,480),(1248,288),(1216,288),(1216,320),(1152,320),(1152,280),(1176,280),(1176,192),(992,192),(992,160),(1000,160),(1000,184),(1176,184),(1176,104),(1000,104),(1000,128),(992,128),(992,104),(904,104),(904,160),(832,160),(832,96),(544,96),(544,128),(536,128),(536,104),(480,104),(480,160),(416,160),(416,152),(472,152),(472,104),(264,104),(264,152),(352,152),(352,160),(296,160),(296,192),(288,192),(192,192),(192,160),(224,160),(224,64),(1216,64)
(256,224),(296,224),(296,248),(344,248),(344,192),(352,192),(352,248),(408,248),(408,224),(416,224),(416,256),(288,256),(288,288),(448,288),(448,320),(576,320),(576,384),(608,384),(608,408),(640,408),(640,416),(608,416),(608,480),(576,480),(576,448),(544,448),(544,416),(416,416),(416,320),(256,320),(256,288),(224,288),(224,256),(192,256),(192,224),(224,224),(224,256),(256,256),(256,224)
(480,256),(544,256),(544,192),(536,192),(536,248),(488,248),(488,224),(480,224),(480,256)
(616,256),(616,232),(728,232),(728,256),(736,256),(736,224),(704,224),(704,192),(696,192),(696,216),(648,216),(648,192),(640,192),(640,224),(608,224),(608,256),(616,256)
(992,352),(992,416),(960,416),(960,448),(1088,448),(1088,416),(1120,416),(1120,448),(1152,448),(1152,480),(896,480),(896,512),(928,512),(928,544),(864,544),(864,512),(832,512),(832,448),(896,448),(896,416),(704,416),(704,408),(736,408),(736,384),(768,384),(768,320),(832,320),(832,288),(864,288),(864,352),(896,352),(896,224),(904,224),(904,280),(1024,280),(1024,352),(992,352)
(608,704),(576,704),(576,736),(608,736),(672,736),(672,704),(704,704),(704,672),(608,672),(608,704)
(448,608),(544,608),(544,576),(512,576),(512,544),(448,544),(448,608)
(160,544),(224,544),(224,480),(160,480),(160,544)
(256,512),(288,512),(288,544),(256,544),(256,576),(320,576),(320,512),(352,512),(352,480),(320,480),(320,512),(288,512),(288,480),(256,480),(256,512)
(160,608),(224,608),(224,576),(160,576),(160,608)
(256,672),(288,672),(288,704),(320,704),(320,672),(352,672),(352,640),(256,640),(256,672)
(224,832),(192,832),(192,768),(256,768),(256,800),(224,800),(224,832)
(960,640),(896,640),(896,704),(960,704),(960,640),(992,640),(992,608),(1024,608),(1024,640),(1056,640),(1056,576),(960,576),(960,640)
(1024,832),(992,832),(992,864),(1056,864),(1056,800),(1024,800),(1024,832)
(1088,832),(1120,832),(1120,800),(1088,800),(1088,832)
(1088,1088),(992,1088),(992,1120),(1056,1120),(1056,1152),(1152,1152),(1152,1056),(1088,1056),(1088,1088)
(576,992),(512,992),(512,1056),(544,1056),(544,1152),(480,1152),(480,1216),(544,1216),(544,1184),(576,1184),(576,1216),(608,1216),(608,1152),(576,1152),(576,1120),(608,1120),(608,1088),(608,1056),(640,1056),(640,1024),(672,1024),(672,992),(608,992),(608,960),(576,960),(576,992)
(160,1056),(192,1056),(192,1088),(256,1088),(256,1056),(288,1056),(288,1024),(160,1024),(160,1056)
(230,963),(260,961),(255,913),(224,921),(230,963)
(339,954),(381,948),(373,901),(334,907),(339,954)
(260,914),(273,919),(260,914)
(305,951),(321,952),(317,915),(301,917),(305,951)
(1027,993),(1060,991),(1057,944),(1025,952),(1027,993)
(1141,985),(1178,981),(1173,931),(1132,938),(1141,985)
(1072,951),(1057,943),(1072,951)
(276,950),(268,958),(276,950)
(323,943),(333,951),(323,943)
(1076,985),(1066,992),(1076,985)
(1123,978),(1138,985),(1123,978)
(1121,946),(1132,935),(1121,946)
(722,857),(760,842),(747,798),(705,807),(722,857)
(831,819),(864,814),(849,770),(817,777),(831,819)
(773,828),(766,837),(773,828)
(814,815),(830,817),(814,815)
(1103,980),(1111,982),(1108,943),(1101,948),(1103,980)
(761,801),(747,795),(761,801)
(813,780),(803,788),(813,780)
(482,785),(529,779),(523,740),(477,746),(482,785)
(498,891),(540,887),(538,860),(495,865),(498,891)
(488,792),(484,790),(488,792)
(527,793),(528,784),(527,793)
(527,841),(535,853),(527,841)
(499,845),(492,861),(499,845)
(493,823),(525,811),(525,806),(500,814),(493,823)
(478,794),(463,806),(456,807),(479,787),(478,794)
(780,829),(790,829),(778,790),(771,797),(780,829)
(96,160),(160,160),(160,128),(192,128),(192,96),(96,96),(96,160)
(0,1248),(256,1248),(256,1216),(128,1216),(128,1184),(96,1184),(96,1152),(0,1152),(0,1248)
(320,1248),(384,1248),(384,1184),(416,1184),(416,1152),(352,1152),(352,1120),(320,1120),(320,1248)
(192,64),(192,0),(192,64)
(192,64),(224,64),(192,64)
(704,352),(736,352),(736,344),(704,344),(704,352)
(608,352),(640,352),(640,344),(608,344),(608,352)
(1056,320),(1088,320),(1088,352),(1120,352),(1120,280),(1096,280),(1096,256),(1088,256),(1088,280),(1056,280),(1056,320)
(672,608),(704,608),(704,576),(672,576),(672,608)
(608,608),(640,608),(640,576),(608,576),(608,608)
(896,1120),(896,1092),(864,1092),(864,1120),(856,1120),(856,1092),(832,1092),(832,1092),(856,1092),(856,1064),(776,1064),(776,1112),(800,1112),(800,1120),(768,1120),(768,1056),(864,1056),(864,1024),(832,1024),(832,992),(896,992),(896,1056),(928,1056),(928,1120),(896,1120)
(96,416),(128,416),(128,384),(96,384),(96,416)
(288,416),(320,416),(320,384),(288,384),(288,416)
(384,480),(416,480),(416,448),(384,448),(384,480)
(768,640),(736,640),(736,672),(832,672),(832,608),(768,608),(768,640)
(736,1024),(800,1024),(800,992),(736,992),(736,1024)
(672,960),(736,960),(736,928),(672,928),(672,960)
(768,960),(800,960),(800,928),(768,928),(768,960)
(640,1184),(928,1184),(928,1152),(672,1152),(672,1088),(640,1088),(640,1184)
(1152,736),(1248,736),(1248,704),(1216,704),(1216,672),(1152,672),(1152,736)
(1088,704),(1120,704),(1120,672),(1088,672),(1088,704)
}

collisionPeople {
(337,905),(265,913),(337,905)
(338,958),(264,961),(338,958)
(1131,936),(1058,946),(1131,936)
(1140,989),(1058,992),(1140,989)
(812,775),(744,795),(812,775)
(538,858),(531,779),(538,858)
(492,862),(487,826),(492,862)
(830,820),(762,840),(830,820)
(0,1280),(1280,1280),(1280,0),(0,0),(0,1280)
(1280,256),(1216,256),(1280,256)
(1088,736),(1152,736),(1152,704),(1088,704),(1088,736)
}

buyzones {
(0,672,896,870,751)
(0,441,732,547,900)
(0,211,889,394,1002)
(1,1005,177,1170,109)
(0,992,928,1184,1024)
}

spawns {
(1,208,624);(0,624,1136);(0,816,1136);(0,704,1136);(0,672,1040);(0,1120,1008);(0,752,864);(0,464,832);(0,320,976);(0,160,1088);(0,560,1216);(0,1152,1184);(1,720,448);(1,624,448);(1,1184,512);(1,160,560);(1,224,560);(1,304,624);(1,576,176);(1,576,144);(1,544,160);(1,512,160);(1,768,160);(1,672,272);(1,1104,160);(1,1040,160);(1,880,336);(1,176,160);(1,1152,144);(1,1040,400);(1,1152,240);(1,1024,560);(2,1248,1248);(2,128,1120);(2,112,208);(2,672,176);(2,1152,416);(2,1024,784);(2,448,864)
}

waypoints {
(448,1072);(464,832);(284,996);(764,1033);(768,768);(642,843);(1040,1216);(1120,912);(992,1008);(928,1136);(704,1248);(848,954);(1072,816);(992,752);(737,734);(416,192);(720,448);(624,448);(815,672);(937,579);(672,368);(704,560);(608,560);(594,670);(1184,512);(672,128);(672,272);(1152,384);(1008,240);(128,336);(1040,352);(976,144);(419,638);(451,789);(256,208);(703,920);(704,1088);(224,1168);(80,944);(496,800);(237,849);(224,752);(118,525);(176,656);(176,176);(848,208);(640,1072)
}

guns {
(18,624,448);(18,720,448);(15,976,144);(13,176,160);(22,576,176);(11,576,144);(7,208,624);(8,1040,368);(17,320,976);(23,752,864);(19,688,1104);(11,768,768);(7,1088,928);(4,470,883);(3,736,770);(14,467,831);(24,1120,1008);(8,866,835);(13,1037,331);(11,1079,375);(18,1077,332);(18,1074,358);(18,1102,403);(4,1023,124);(4,1052,122);(4,1112,120);(4,1058,137);(4,1036,136);(18,1120,160);(18,1150,156);(15,1158,133);(15,1136,128);(3,1078,150);(3,1092,174);(3,1108,140);(25,1072,272);(26,1104,272);(27,912,112);(10,1152,240);(10,512,160);(10,480,208);(11,768,160);(11,544,160);(27,448,128);(26,303,240);(25,624,1136);(23,672,272);(26,843,1076);(27,844,1103);(25,789,1076);(4,879,1103);(17,720,1104);(11,720,1072);(16,624,1136);(17,624,1136);(14,688,1072);(26,592,1136);(16,1152,1184);(12,560,1216);(11,160,1088);(15,1184,512);(6,224,560);(4,160,560);(23,304,624);(18,880,320);(16,1024,560)
}

guns_ffa {
(18,624,448);(18,720,448);(15,976,144);(13,176,160);(22,576,176);(11,576,144);(7,208,624);(8,1040,368);(17,320,976);(23,752,864);(19,688,1104);(11,768,768);(7,1088,928);(4,470,883);(3,736,770);(14,467,831);(24,1120,1008);(8,866,835);(13,1037,331);(11,1079,375);(18,1077,332);(18,1074,358);(18,1102,403);(4,1023,124);(4,1052,122);(4,1112,120);(4,1058,137);(4,1036,136);(18,1120,160);(18,1150,156);(15,1158,133);(15,1136,128);(3,1078,150);(3,1092,174);(3,1108,140);(25,1072,272);(26,1104,272);(27,912,112);(10,1152,240);(10,512,160);(10,480,208);(11,768,160);(11,544,160);(27,448,128);(26,303,240);(25,624,1136);(23,672,272);(26,843,1076);(27,844,1103);(25,789,1076);(4,879,1103);(17,720,1104);(11,720,1072);(16,624,1136);(17,624,1136);(14,688,1072);(26,592,1136);(16,1152,1184);(12,560,1216);(11,160,1088);(15,1184,512);(6,224,560);(4,160,560);(23,304,624);(18,880,320);(16,1024,560)
}

flags {
(0,592,1136);(1,672,192)
}