info {
bg:3
}

tiles {
3,3,3,3,3,3,3,3,3,3,3,3,3,3,3,3,3,3,3,3,3,3,3,3,3,3,3,3,3,3
3,3,2,2,2,2,2,2,3,3,0,0,0,0,0,0,1,0,27,27,27,27,27,27,27,27,27,27,27,66
3,2,2,2,2,3,3,3,1,1,3,0,0,28,70,1,1,0,27,5,5,5,5,5,5,5,5,5,27,63
3,2,3,3,1,1,1,1,1,0,3,3,0,31,75,1,1,27,27,5,5,5,5,5,5,5,5,5,27,63
3,3,3,1,1,1,0,0,0,0,0,3,3,71,29,70,1,27,5,5,5,5,5,5,5,5,5,5,27,63
3,1,1,1,3,3,3,3,0,7,8,66,3,0,71,72,1,27,27,5,5,5,27,27,5,27,27,5,27,63
3,0,0,0,3,0,3,3,0,9,10,63,3,3,0,1,1,67,27,27,27,27,27,65,62,62,62,62,62,79
3,0,0,0,3,0,0,0,0,67,62,64,0,3,0,0,0,0,67,62,62,62,62,64,0,0,0,0,0,3
3,0,0,0,0,0,0,3,3,3,3,0,0,0,3,3,3,0,0,0,0,0,0,3,0,3,3,0,3,3
3,3,0,0,3,0,0,3,0,0,0,3,0,0,0,0,3,0,0,0,0,3,3,3,0,3,3,0,3,3
3,3,0,3,3,0,3,3,0,25,70,3,0,13,14,0,3,3,3,3,3,3,0,0,0,3,3,0,3,3
3,3,0,3,3,0,3,0,0,71,72,3,0,15,16,0,0,30,70,0,0,0,0,3,0,3,3,0,3,3
3,36,11,36,36,59,36,66,0,0,0,3,0,0,0,0,0,71,72,0,0,0,3,0,0,0,0,0,3,3
3,36,11,60,57,57,36,63,0,0,0,3,3,3,3,0,3,3,3,3,3,0,0,0,0,0,0,0,3,3
3,36,11,11,11,11,36,36,36,36,66,1,1,0,3,0,3,28,35,32,70,3,3,3,3,3,3,3,3,3
3,36,11,11,11,11,11,11,11,36,63,0,0,0,3,0,3,71,68,68,72,0,1,1,3,2,2,2,2,3
3,36,11,11,11,11,11,11,11,36,63,0,30,70,3,0,0,0,0,0,0,0,1,1,3,2,2,2,2,3
3,36,11,11,11,11,11,11,11,36,63,0,71,72,3,3,3,3,3,0,3,3,3,1,3,2,2,2,2,3
3,36,36,36,36,36,36,36,36,36,63,1,1,0,0,0,0,0,0,1,1,1,1,1,1,2,2,2,2,3
3,67,62,62,62,62,62,62,62,62,79,3,3,3,3,3,3,140,141,142,143,144,145,3,3,3,3,3,3,3
}

collision {
(576,96),(544,96),(544,192),(576,192),(576,224),(736,224),(736,192),(768,192),(768,160),(704,160),(704,192),(608,192),(608,160),(576,160),(576,128),(608,128),(608,64),(896,64),(896,192),(928,192),(928,32),(576,32),(576,96)
(800,192),(864,192),(864,160),(800,160),(800,192)
(192,480),(288,480),(288,576),(64,576),(64,384),(32,384),(32,608),(320,608),(320,448),(224,448),(224,384),(192,384),(192,480)
(96,416),(160,416),(160,384),(96,384),(96,416)
(416,128),(448,128),(448,160),(480,160),(480,128),(448,128),(448,64),(416,64),(416,128)
(288,224),(352,224),(352,160),(288,160),(288,224)
(288,352),(320,352),(320,320),(288,320),(288,352)
(384,544),(416,544),(416,512),(384,512),(384,544)
(544,384),(576,384),(576,352),(544,352),(544,384)
(544,480),(640,480),(640,448),(544,448),(544,480)
(32,608),(928,608),(928,32),(32,32),(32,608)
}

collisionPeople {
(440,360),(456,360),(456,344),(440,344),(440,360)
}

spawns {
(1,656,96);(1,720,96);(1,800,96);(1,864,96);(1,688,128);(1,752,128);(1,832,128);(0,176,496);(0,96,496);(0,128,544);(0,208,544)
}

waypoints {
(80,416);(176,416);(128,464);(192,288);(80,272);(112,160);(272,240);(256,128);(368,144);(464,240);(400,304);(400,400);(448,496);(784,176);(880,176);(880,256);(784,256);(784,112);(880,416);(768,416);(704,368);(624,304);(864,560);(704,512);(592,544)
}

guns {
(23,656,96);(16,688,128);(18,832,128);(20,864,96);(15,800,96);(12,720,96);(13,752,128);(26,584,152);(27,616,184);(25,616,168);(17,96,496);(19,176,496);(23,208,544);(11,128,544);(26,280,488);(27,280,568);(25,72,568);(3,272,528);(4,272,544);(5,600,137);(4,607,150)
}
