tiles {
24,24,24,25,25,25,25,25,25,25,25,25,25,25,25,25,25,25,25,25,25,25,25,25,24,24,24
27,6,6,25,14,14,14,14,14,14,14,14,14,14,14,14,14,14,14,14,14,14,14,25,6,6,27
27,6,6,6,41,8,41,41,41,41,41,41,41,41,41,41,41,41,41,41,41,8,41,6,6,6,27
25,25,6,2,1,4,0,0,0,0,0,0,3,3,3,29,0,0,0,0,0,4,1,2,6,25,25
25,14,41,1,1,4,0,10,11,0,0,0,38,0,0,3,0,0,0,0,0,4,1,1,41,14,25
25,14,8,4,4,4,0,12,13,0,30,0,0,0,0,0,0,0,0,0,0,4,4,4,8,14,25
25,14,41,0,0,0,0,0,0,0,0,0,0,15,3,0,0,61,0,0,0,0,0,0,41,14,25
25,14,41,31,0,31,0,0,0,0,0,0,0,3,3,38,0,0,0,0,35,0,0,0,41,14,25
25,14,41,31,43,31,31,0,0,37,37,37,0,0,38,38,38,0,0,0,32,34,0,0,41,14,25
25,14,41,43,43,48,31,0,0,0,37,0,0,0,0,38,38,0,0,0,0,0,0,0,41,14,25
25,14,41,43,43,43,31,0,0,0,37,0,0,0,0,0,0,0,0,0,0,0,0,29,41,14,25
25,14,41,49,43,43,31,0,0,0,37,0,0,39,0,0,0,42,0,0,0,0,0,0,41,14,25
25,14,41,31,43,31,31,0,0,0,0,0,0,0,0,0,42,40,0,0,0,0,0,0,41,14,25
25,14,41,31,0,31,0,0,0,0,37,37,0,0,0,0,0,0,0,0,20,21,0,0,41,14,25
25,14,8,0,0,0,0,29,0,0,0,0,0,0,0,0,0,0,0,0,22,23,0,0,8,14,25
25,14,41,0,0,0,0,0,0,0,0,0,30,0,0,16,17,3,3,0,0,0,0,0,41,14,25
25,25,6,0,0,0,0,0,0,0,0,0,0,0,0,18,19,3,29,0,0,0,0,0,6,25,25
27,6,6,6,41,8,41,41,41,41,41,41,41,41,41,41,41,41,41,41,41,8,41,6,6,6,27
27,6,6,25,14,14,14,14,14,14,14,14,14,14,14,14,14,14,14,14,14,14,14,25,6,6,27
24,24,24,25,25,25,25,25,25,25,25,25,91,92,93,94,25,25,25,25,25,25,25,25,24,24,24
}

collision {
(0,640),(864,640),(864,0),(0,0),(0,640)
(288,288),(320,288),(320,384),(352,384),(352,288),(384,288),(384,256),(288,256),(288,288)
(480,256),(448,256),(448,288),(480,288),(480,320),(544,320),(544,256),(512,256),(512,224),(480,224),(480,256)
(416,224),(448,224),(448,192),(416,192),(416,224)
(384,160),(416,160),(416,128),(384,128),(384,160)
(224,192),(288,192),(288,128),(224,128),(224,192)
(480,128),(512,128),(512,96),(480,96),(480,128)
(544,224),(576,224),(576,192),(544,192),(544,224)
(640,288),(704,288),(704,256),(672,256),(672,224),(640,224),(640,288)
(640,480),(704,480),(704,416),(640,416),(640,480)
(576,544),(608,544),(608,512),(576,512),(576,544)
(384,512),(416,512),(416,480),(384,480),(384,512)
(320,448),(384,448),(384,416),(320,416),(320,448)
(224,480),(256,480),(256,448),(224,448),(224,480)
(96,448),(128,448),(128,384),(96,384),(96,448)
(160,448),(192,448),(192,416),(224,416),(224,256),(192,256),(192,224),(160,224),(160,288),(192,288),(192,384),(160,384),(160,448)
(96,288),(128,288),(128,224),(96,224),(96,288)
(416,384),(448,384),(448,352),(416,352),(416,384)
(516,518),(512,518),(503,512),(504,503),(515,503),(516,518)
(561,495),(560,491),(558,494),(561,495)
(560,529),(561,527),(558,527),(560,529)
(593,498),(594,492),(591,493),(593,498)
(32,96),(64,96),(64,128),(32,128),(32,512),(64,512),(64,544),(32,544),(32,608),(96,608),(96,576),(128,576),(128,608),(736,608),(736,576),(768,576),(768,608),(832,608),(832,544),(800,544),(800,512),(832,512),(832,128),(800,128),(800,96),(832,96),(832,32),(768,32),(768,64),(736,64),(736,32),(128,32),(128,64),(96,64),(96,32),(32,32),(32,96)
(192,96),(672,96),(672,64),(192,64),(192,96)
(704,96),(736,96),(736,64),(704,64),(704,96)
(128,96),(160,96),(160,64),(128,64),(128,96)
(768,160),(800,160),(800,128),(768,128),(768,160)
(768,448),(800,448),(800,192),(768,192),(768,448)
(768,512),(800,512),(800,480),(768,480),(768,512)
(704,576),(736,576),(736,544),(704,544),(704,576)
(192,576),(672,576),(672,544),(192,544),(192,576)
(128,576),(160,576),(160,544),(128,544),(128,576)
(64,512),(96,512),(96,480),(64,480),(64,512)
(64,192),(96,192),(96,448),(64,448),(64,192)
(64,128),(96,128),(96,160),(64,160),(64,128)
(544,384),(512,384),(512,416),(576,416),(576,352),(544,352),(544,384)
(736,352),(768,352),(768,320),(736,320),(736,352)
(320,192),(352,192),(352,160),(320,160),(320,192)
}

collisionPeople {
(32,96),(64,96),(64,128),(96,128),(96,96),(128,96),(128,64),(96,64),(96,32),(32,32),(32,96)
(736,96),(768,96),(768,128),(800,128),(800,96),(832,96),(832,32),(768,32),(768,64),(736,64),(736,96)
(768,544),(736,544),(736,576),(768,576),(768,608),(832,608),(832,544),(800,544),(800,512),(768,512),(768,544)
(64,544),(64,512),(96,512),(96,544),(128,544),(128,576),(96,576),(96,608),(32,608),(32,544),(64,544)
}

buyzones {
(0,96,288,192,384)
(0,128,256,160,288)
(0,128,384,160,416)
(0,32,128,64,512)
(1,128,32,736,64)
(1,800,128,832,512)
(1,128,576,736,608)
}

spawns {
(0,144,336);(0,176,368);(0,114,305);(1,592,48);(1,272,48);(1,816,416);(1,816,224);(1,288,592);(1,592,592);(0,48,208);(0,48,448);(1,704,376);(1,603,279)
}

waypoints {
(119,342);(174,350);(144,400);(144,256);(48,144);(48,496);(64,464);(128,464);(64,176);(128,176);(208,592);(176,560);(656,592);(688,560);(816,448);(784,464);(816,192);(784,176);(720,496);(624,336);(624,400);(736,400);(576,448);(480,448);(432,496);(336,464);(272,528);(272,368);(208,208);(256,256);(208,48);(176,80);(176,128);(288,112);(656,48);(688,80);(672,160);(608,128);(608,208);(512,176);(464,240);(416,256);(416,336)
}

guns {
(17,111,331);(17,111,337);(17,111,326);(23,183,336);(12,184,348);(19,183,325);(4,181,301);(4,186,304);(4,181,308);(26,108,367);(25,106,361);(25,114,360);(27,103,370);(26,113,371);(24,48,144);(3,55,152);(25,44,152);(22,48,496);(5,58,505);(26,39,487);(7,288,592);(8,592,592);(10,272,48);(11,592,48);(18,816,416);(20,816,224);(26,448,592);(27,464,592);(25,432,592);(25,464,48);(26,448,48);(27,432,48);(4,816,304);(6,816,320);(3,816,336);(25,818,306);(26,819,324);(27,819,337);(13,704,375);(15,602,280)
}
